1 -1 2 -6 24 -120 720 -5040 40320 -362880 3628800 -39916800 479001600 -1932053504 1278945280 -2004310016 2004189184 288522240 -898433024 -109641728 
0 1 -3 11 -50 274 -1764 13068 -109584 1026576 -10628640 120543840 -1486442880 -1672077440 2194176 1246032640 -465995776 1336182784 2007035904 -377409536 
0 0 1 -6 35 -225 1624 -13132 118124 -1172700 12753576 -150917976 1931559552 -826913280 1314773888 1755422336 -1070920960 559791360 -150127104 564483584 
0 0 0 1 -10 85 -735 6769 -67284 723680 -8409500 105258076 -1414014888 -1161083384 -1751615088 1819196432 -1581916800 51860864 -373704192 -1639682048 
0 0 0 0 1 -15 175 -1960 22449 -269325 3416930 -45995730 657206836 -1367769164 807815728 -983949120 382513168 505293936 -453495392 -347226336 
0 0 0 0 0 1 -21 322 -4536 63273 -902055 13339535 -206070150 -958848510 -828791912 354792520 1929305152 1944063952 -128118832 1980762416 
0 0 0 0 0 0 1 -28 546 -9450 157773 -2637558 44990231 -790943153 1524421040 2074696264 1519390664 1869467640 -1641582496 997177520 
0 0 0 0 0 0 0 1 -36 870 -18150 357423 -6926634 135036473 1613513521 -1203445295 -145015496 -310313200 -1134829352 -1554661288 
0 0 0 0 0 0 0 0 1 -45 1320 -32670 749463 -16669653 368411615 382306592 1269583825 -253104041 -49407758 -196081950 
0 0 0 0 0 0 0 0 0 1 -55 1925 -55770 1474473 -37312275 928095740 -1582323360 -1895690127 -490420123 678639987 
0 0 0 0 0 0 0 0 0 0 1 -66 2717 -91091 2749747 -78558480 -2109935876 -73151836 -578957079 1919829786 
0 0 0 0 0 0 0 0 0 0 0 1 -78 3731 -143325 4899622 -156952432 558255468 -1531815668 -1539230459 
0 0 0 0 0 0 0 0 0 0 0 0 1 -91 5005 -218400 8394022 -299650806 1657002680 1344871780 
0 0 0 0 0 0 0 0 0 0 0 0 0 1 -105 6580 -323680 13896582 -549789282 -781902850 
0 0 0 0 0 0 0 0 0 0 0 0 0 0 1 -120 8500 -468180 22323822 -973941900 
0 0 0 0 0 0 0 0 0 0 0 0 0 0 0 1 -136 10812 -662796 34916946 
0 0 0 0 0 0 0 0 0 0 0 0 0 0 0 0 1 -153 13566 -920550 
0 0 0 0 0 0 0 0 0 0 0 0 0 0 0 0 0 1 -171 16815 
0 0 0 0 0 0 0 0 0 0 0 0 0 0 0 0 0 0 1 -190 
0 0 0 0 0 0 0 0 0 0 0 0 0 0 0 0 0 0 0 1 
