1 1 1 1 1 1 1 1 1 1 1 1 1 1 1 1 1 1 1 1 
0 1 3 7 15 31 63 127 255 511 1023 2047 4095 8191 16383 32767 65535 131071 262143 524287 
0 0 1 6 25 90 301 966 3025 9330 28501 86526 261625 788970 2375101 7141686 21457825 64439010 193448101 580606446 
0 0 0 1 10 65 350 1701 7770 34105 145750 611501 2532530 10391745 42355950 171798901 694337290 -1496160311 -1625234938 -2012524355 
0 0 0 0 1 15 140 1050 6951 42525 246730 1379400 7508501 40075035 210766920 1096190550 1357784355 -1106675527 1560396646 1881780996 
0 0 0 0 0 1 21 266 2646 22827 179487 1323652 9321312 63436373 420693273 -1560040738 325880714 -981898657 1591867123 -1773302504 
0 0 0 0 0 0 1 28 462 5880 63987 627396 5715424 49329280 408741333 -1013084692 -61698990 -106012216 -1723984169 -1886087468 
0 0 0 0 0 0 0 1 36 750 11880 159027 1899612 20912320 216627840 2141764053 -1058841452 57503986 354019672 1108173207 
0 0 0 0 0 0 0 0 1 45 1155 22275 359502 5135130 67128490 820784250 938887711 -1198786645 -2141641227 -1740882187 
0 0 0 0 0 0 0 0 0 1 55 1705 39325 752752 12662650 193754990 -1536633146 -1542541861 555663929 -879969233 
0 0 0 0 0 0 0 0 0 0 1 66 2431 66066 1479478 28936908 512060978 -198929684 564198911 -1828082642 
0 0 0 0 0 0 0 0 0 0 0 1 78 3367 106470 2757118 62022324 1256328866 1992114820 -1300227025 
0 0 0 0 0 0 0 0 0 0 0 0 1 91 4550 165620 4910178 125854638 -1402528136 939118236 
0 0 0 0 0 0 0 0 0 0 0 0 0 1 105 6020 249900 8408778 243577530 2007557284 
0 0 0 0 0 0 0 0 0 0 0 0 0 0 1 120 7820 367200 13916778 452329200 
0 0 0 0 0 0 0 0 0 0 0 0 0 0 0 1 136 9996 527136 22350954 
0 0 0 0 0 0 0 0 0 0 0 0 0 0 0 0 1 153 12597 741285 
0 0 0 0 0 0 0 0 0 0 0 0 0 0 0 0 0 1 171 15675 
0 0 0 0 0 0 0 0 0 0 0 0 0 0 0 0 0 0 1 190 
0 0 0 0 0 0 0 0 0 0 0 0 0 0 0 0 0 0 0 1 
